Pr= 0.710000000000000
P_r= 101325
L_E= 44000
a_sh= 2
g_sw= 0.0350000000000000
epsilon_l= 1
a_s= 1
epsilon= 0.622000000000000
M_air= 0.0289700000000000
M_w= 0.0180000000000000
c_pv= 1864
M_N2= 0.0280000000000000
c_pa= 1010
P_a= 101325.000000000
M_O2= 0.0320000000000000
T0= 273.150000000000
L_l= 0.0300000000000000
sigm= 5.67000000000000e-8
R_mol= 8.31447200000000
R_s= 0
Re_c= 3000.00000000000
lambda_E= 2.45000000000000e6
c_pmol= 29.2000000000000
g= 9.81000000000000
